3 0.5810546875 0.0927734375 0.23763020833333334 0.146484375
3 0.6901041666666666 0.20263671875 0.2734375 0.17578125
3 0.7584635416666666 0.3076171875 0.29296875 0.107421875
3 0.7861328125 0.372314453125 0.2766927083333333 0.13427734375
3 0.751953125 0.469970703125 0.33203125 0.11474609375
3 0.7552083333333334 0.574951171875 0.3580729166666667 0.10986328125
3 0.7568359375 0.679931640625 0.3873697916666667 0.10986328125
3 0.7535807291666666 0.814208984375 0.4329427083333333 0.17822265625
3 0.6380208333333334 0.940673828125 0.4361979166666667 0.11865234375
3 0.07161458333333333 0.51025390625 0.14322916666666666 0.3173828125
3 0.12369791666666667 0.477294921875 0.24739583333333334 0.33935546875
3 0.050455729166666664 0.09521484375 0.09440104166666667 0.1904296875
3 0.2522786458333333 0.87109375 0.5045572916666666 0.2578125
3 0.4166666666666667 0.6591796875 0.37109375 0.234375
3 0.4736328125 0.35888671875 0.21809895833333334 0.21484375
3 0.3678385416666667 0.44921875 0.3841145833333333 0.1904296875
3 0.16276041666666666 0.2587890625 0.3255208333333333 0.13671875
3 0.1611328125 0.179443359375 0.322265625 0.10498046875
3 0.25390625 0.08056640625 0.390625 0.15625