3 0.3743489583333333 0.308837890625 0.21484375 0.17333984375
3 0.146484375 0.286865234375 0.1953125 0.14404296875
3 0.0634765625 0.40771484375 0.126953125 0.107421875
3 0.0732421875 0.594482421875 0.146484375 0.26123046875
3 0.17903645833333334 0.5078125 0.16927083333333334 0.1025390625
3 0.1953125 0.682373046875 0.14973958333333334 0.19287109375
3 0.3157552083333333 0.67138671875 0.2604166666666667 0.2587890625
3 0.3889973958333333 0.504150390625 0.3352864583333333 0.20751953125
3 0.4622395833333333 0.19287109375 0.2734375 0.1953125
3 0.7145182291666666 0.252685546875 0.19205729166666666 0.10009765625
3 0.8089192708333334 0.291748046875 0.15950520833333334 0.12939453125
3 0.7194010416666666 0.3662109375 0.15625 0.1171875
3 0.56640625 0.458984375 0.1953125 0.25390625
3 0.9358723958333334 0.364990234375 0.126953125 0.09521484375
3 0.8317057291666666 0.517578125 0.224609375 0.205078125
3 0.9296875 0.65185546875 0.140625 0.3466796875
3 0.76171875 0.760498046875 0.3125 0.33447265625
3 0.5013020833333334 0.80322265625 0.3385416666666667 0.2587890625
3 0.22135416666666666 0.838623046875 0.20833333333333334 0.10498046875