3 0.244140625 0.430908203125 0.2864583333333333 0.08056640625
3 0.17415364583333334 0.484619140625 0.3483072916666667 0.11962890625
3 0.13834635416666666 0.606689453125 0.2766927083333333 0.15380859375
3 0.16927083333333334 0.74462890625 0.234375 0.1611328125
3 0.5029296875 0.72998046875 0.341796875 0.2490234375
3 0.8206380208333334 0.606689453125 0.3587239583333333 0.24169921875
3 0.7259114583333334 0.40283203125 0.2864583333333333 0.146484375
3 0.458984375 0.42236328125 0.3059895833333333 0.29296875
3 0.705078125 0.367431640625 0.58984375 0.30029296875
3 0.3011067708333333 0.028076171875 0.244140625 0.05615234375
3 0.9361979166666666 0.0732421875 0.12760416666666666 0.146484375
3 0.6399739583333334 0.20263671875 0.7200520833333334 0.1220703125
3 0.6936848958333334 0.081787109375 0.6126302083333334 0.16357421875