3 0.1936865234375 0.302734375 0.18229003906250002 0.25390625
3 0.37760253906249996 0.166015625 0.16601562499999994 0.3233528645833334
3 0.315673828125 0.8492838541666666 0.63134765625 0.3014322916666667
3 0.7193994140625 0.517578125 0.08138183593750004 0.3233528645833334
3 0.537109375 0.5251757812500001 0.32877441406249996 0.1302083333333334
3 0.3580712890625001 0.48068359374999997 0.12044433593750008 0.30598958333333326
3 0.244140625 0.107421875 0.12369628906249996 0.21484375
3 0.061850585937500015 0.39279296875 0.1236962890625 0.6163216145833332
3 0.7682275390625 0.22677734374999994 0.458984375 0.2799479166666667
3 0.874267578125 0.6920572916666666 0.25146484375 0.3255208333333333
3 0.83935546875 0.9027799479166667 0.3212890625 0.18663411458333337
3 0.66650390625 0.8561197916666666 0.17415527343750004 0.23220703125000006
3 0.6380224609375 0.05642578125 0.1953125 0.11284505208333334