3 0.5126953125 0.23193359375 0.2701822916666667 0.185546875
3 0.19694010416666666 0.240478515625 0.341796875 0.16845703125
3 0.1953125 0.05615234375 0.390625 0.1123046875
3 0.6136067708333334 0.064697265625 0.3352864583333333 0.12939453125
3 0.9231770833333334 0.2099609375 0.15364583333333334 0.2783203125
3 0.6201171875 0.343017578125 0.5826822916666666 0.22216796875
3 0.2669270833333333 0.3857421875 0.25390625 0.078125
3 0.15462239583333334 0.556640625 0.19205729166666666 0.263671875
3 0.7389322916666666 0.721435546875 0.390625 0.26611328125
3 0.8756510416666666 0.494384765625 0.22786458333333334 0.08544921875
3 0.3287760416666667 0.699462890625 0.25390625 0.10986328125
3 0.4443359375 0.76611328125 0.3678385416666667 0.4677734375
3 0.21321614583333334 0.796630859375 0.4264322916666667 0.40673828125
3 0.7503255208333334 0.169677734375 0.19205729166666666 0.11474609375