3 0.380859375 0.84228515625 0.14322916666666666 0.126953125
3 0.5940755208333334 0.867919921875 0.17252604166666666 0.11962890625
3 0.4899088541666667 0.9423828125 0.10091145833333333 0.087890625
3 0.6331380208333334 0.758056640625 0.205078125 0.11962890625
3 0.4296875 0.767822265625 0.16927083333333334 0.11962890625
3 0.3645833333333333 0.548095703125 0.3580729166666667 0.11474609375
3 0.5729166666666666 0.294189453125 0.390625 0.09033203125
3 0.07161458333333333 0.44677734375 0.13020833333333334 0.2978515625
3 0.8577473958333334 0.362548828125 0.17252604166666666 0.28564453125
3 0.4752604166666667 0.396728515625 0.41015625 0.11962890625
3 0.3255208333333333 0.242919921875 0.3971354166666667 0.31982421875