0 0.2725 0.6849999999999999 0.25416666666666665 0.703125 0.2533333333333333 0.70625 0.25833333333333336 0.709375 0.2725 0.701875 0.2725 0.6849999999999999
0 0.63 0.74125 0.6383333333333333 0.7056250000000001 0.63 0.704375 0.6241666666666668 0.70625 0.6158333333333333 0.7025 0.6141666666666666 0.698125 0.62 0.6975 0.62 0.693125 0.6108333333333333 0.690625 0.6033333333333334 0.6756249999999999 0.6091666666666666 0.6575 0.6075 0.654375 0.6033333333333334 0.6525000000000001 0.5991666666666667 0.660625 0.5908333333333334 0.665 0.5875 0.665 0.5850000000000001 0.656875 0.5775 0.6525000000000001 0.5741666666666667 0.6575 0.5725 0.665625 0.5850000000000001 0.7368750000000001 0.6116666666666667 0.745625 0.63 0.74125
0 0.8108333333333333 0.47062499999999996 0.8133333333333332 0.4725 0.8108333333333333 0.484375 0.8175 0.488125 0.8241666666666667 0.49812500000000004 0.8233333333333334 0.524375 0.8275 0.526875 0.8366666666666667 0.521875 0.8450000000000001 0.5275000000000001 0.8458333333333333 0.5193749999999999 0.8508333333333333 0.52125 0.8575 0.5193749999999999 0.8575 0.50875 0.8491666666666667 0.478125 0.855 0.47375 0.8450000000000001 0.468125 0.8383333333333333 0.469375 0.8291666666666667 0.45999999999999996 0.8416666666666667 0.45 0.8441666666666666 0.44312500000000005 0.8391666666666667 0.42374999999999996 0.8358333333333333 0.42125 0.8333333333333334 0.42312500000000003 0.8208333333333333 0.42062499999999997 0.8191666666666666 0.43062500000000004 0.8049999999999999 0.43875000000000003 0.8066666666666666 0.45125000000000004 0.8216666666666667 0.45562500000000006 0.8216666666666667 0.46687500000000004 0.8108333333333333 0.47062499999999996
0 0.4775 0.790625 0.49083333333333334 0.796875 0.5083333333333333 0.7925 0.52 0.779375 0.5208333333333334 0.765 0.5 0.7462500000000001 0.4825 0.74375 0.47333333333333333 0.746875 0.47333333333333333 0.750625 0.46 0.7625 0.45583333333333337 0.76875 0.45916666666666667 0.780625 0.4741666666666667 0.79125 0.4775 0.790625
0 0.7025 0.32625000000000004 0.6933333333333334 0.33125 0.6983333333333334 0.34249999999999997 0.7100000000000001 0.343125 0.7108333333333333 0.33625 0.7166666666666667 0.335 0.7225 0.3275 0.7383333333333333 0.33375 0.7383333333333333 0.338125 0.7416666666666667 0.339375 0.7566666666666666 0.334375 0.7791666666666667 0.34249999999999997 0.7841666666666666 0.33999999999999997 0.7666666666666667 0.3125 0.7558333333333334 0.315 0.7441666666666666 0.3025 0.7391666666666666 0.305625 0.7200000000000001 0.304375 0.7116666666666667 0.30062500000000003 0.7025 0.289375 0.7 0.29312499999999997 0.7025 0.299375 0.6983333333333334 0.30375 0.7025 0.313125 0.7025 0.32625000000000004
0 0.23083333333333333 0.6575 0.22916666666666666 0.6643749999999999 0.23083333333333333 0.6756249999999999 0.22666666666666666 0.6849999999999999 0.23 0.68625 0.26083333333333336 0.66875 0.26083333333333336 0.6575 0.25166666666666665 0.650625 0.25166666666666665 0.6287499999999999 0.255 0.625 0.26666666666666666 0.626875 0.26916666666666667 0.623125 0.26666666666666666 0.6125 0.24083333333333332 0.60625 0.235 0.615 0.23083333333333333 0.61625 0.23166666666666666 0.619375 0.22583333333333336 0.62625 0.225 0.6331249999999999 0.23666666666666666 0.6525000000000001 0.235 0.656875 0.23083333333333333 0.6575
0 0.6958333333333333 0.509375 0.7025 0.5118750000000001 0.705 0.5081249999999999 0.7041666666666667 0.480625 0.6975 0.48375 0.6983333333333334 0.495 0.6916666666666667 0.500625 0.6841666666666666 0.49874999999999997 0.6716666666666666 0.479375 0.6691666666666667 0.48250000000000004 0.6541666666666667 0.480625 0.6533333333333334 0.49812500000000004 0.6433333333333333 0.525 0.6416666666666667 0.5375 0.6475000000000001 0.545 0.6808333333333334 0.509375 0.6958333333333333 0.509375
0 0.515 0.9012499999999999 0.53 0.91625 0.5291666666666667 0.921875 0.5333333333333333 0.925 0.5316666666666666 0.92875 0.5358333333333333 0.9331250000000001 0.5491666666666667 0.925 0.55 0.921875 0.5591666666666666 0.92125 0.5683333333333334 0.911875 0.5775 0.91625 0.58 0.9 0.5733333333333334 0.898125 0.5691666666666666 0.900625 0.5608333333333333 0.900625 0.5491666666666667 0.898125 0.5491666666666667 0.89 0.5391666666666667 0.8825 0.525 0.8793749999999999 0.5191666666666667 0.88125 0.5258333333333334 0.8868750000000001 0.5225000000000001 0.89375 0.515 0.8949999999999999 0.515 0.9012499999999999
0 0.6608333333333333 0.715625 0.6608333333333333 0.72375 0.6675 0.72 0.6708333333333333 0.723125 0.6708333333333333 0.746875 0.6925 0.7462500000000001 0.6958333333333333 0.74125 0.6925 0.7306250000000001 0.675 0.7068749999999999 0.6833333333333333 0.70125 0.6766666666666666 0.684375 0.6775 0.676875 0.6816666666666666 0.6756249999999999 0.6825 0.67125 0.6691666666666667 0.6725 0.6725 0.685625 0.6649999999999999 0.690625 0.64 0.69625 0.6383333333333333 0.7 0.6466666666666666 0.6993750000000001 0.6525 0.704375 0.6608333333333333 0.715625
0 0.7375 0.61875 0.7416666666666667 0.630625 0.74 0.6375 0.7441666666666666 0.639375 0.7466666666666666 0.634375 0.765 0.635 0.77 0.6443749999999999 0.7683333333333333 0.658125 0.7725000000000001 0.6599999999999999 0.7758333333333333 0.6575 0.7741666666666667 0.6428125 0.7799999999999999 0.634375 0.785 0.6368750000000001 0.7891666666666667 0.635625 0.7908333333333334 0.61875 0.7941666666666667 0.615625 0.7791666666666667 0.61 0.7708333333333334 0.61125 0.76 0.60875 0.7583333333333333 0.6018749999999999 0.7516666666666667 0.604375 0.7525 0.61125 0.7466666666666666 0.618125 0.7408333333333333 0.620625 0.7375 0.61875
0 0.035 0.631875 0.03333333333333333 0.6368750000000001 0.035833333333333335 0.63875 0.0375 0.6368750000000001 0.04916666666666667 0.6381249999999999 0.05083333333333333 0.61375 0.056666666666666664 0.60375 0.07083333333333333 0.6056250000000001 0.0725 0.59875 0.056666666666666664 0.59375 0.0525 0.5962500000000001 0.05 0.591875 0.045000000000000005 0.5912499999999999 0.03916666666666667 0.5912499999999999 0.035 0.595 0.035 0.60625 0.0275 0.615625 0.029166666666666667 0.6287499999999999 0.035 0.631875
0 0.49916666666666665 0.661875 0.5083333333333333 0.6681250000000001 0.51 0.6637500000000001 0.53 0.66125 0.535 0.6575 0.5158333333333334 0.64625 0.5108333333333334 0.650625 0.4975 0.640625 0.49583333333333335 0.635 0.49083333333333334 0.63375 0.4891666666666667 0.645 0.48333333333333334 0.650625 0.48000000000000004 0.649375 0.47583333333333333 0.658125 0.475 0.665 0.48000000000000004 0.6675 0.48666666666666664 0.663125 0.49916666666666665 0.661875
0 0.11916666666666667 0.6681250000000001 0.12000000000000001 0.6643749999999999 0.13 0.656875 0.13333333333333333 0.6599999999999999 0.1475 0.658125 0.1475 0.65 0.1408333333333333 0.645625 0.13499999999999998 0.645625 0.1325 0.639375 0.12166666666666666 0.63875 0.11916666666666667 0.63625 0.10916666666666666 0.650625 0.09916666666666667 0.6481250000000001 0.09833333333333334 0.654375 0.10333333333333333 0.666875 0.1125 0.67125 0.11916666666666667 0.6681250000000001
0 0.6783333333333333 0.44000000000000006 0.6858333333333333 0.44125 0.7025 0.45562500000000006 0.7166666666666667 0.45125000000000004 0.7141666666666667 0.440625 0.7158333333333334 0.42750000000000005 0.7133333333333333 0.42625 0.7041666666666667 0.43 0.7025 0.41875 0.6808333333333334 0.428125 0.6766666666666666 0.438125 0.6716666666666666 0.43875000000000003 0.6741666666666667 0.4425 0.6783333333333333 0.44000000000000006
0 0.4875 0.8931250000000001 0.49 0.9125 0.48666666666666664 0.925 0.49416666666666664 0.9393750000000001 0.4983333333333333 0.9349999999999999 0.4975 0.9268750000000001 0.5083333333333333 0.9275 0.515 0.9237500000000001 0.51 0.91625 0.5066666666666666 0.91625 0.49916666666666665 0.9018750000000001 0.5008333333333334 0.89125 0.49333333333333335 0.891875 0.48833333333333334 0.8881249999999999 0.48333333333333334 0.883125 0.48000000000000004 0.869375 0.4766666666666667 0.869375 0.475 0.8862500000000001 0.4775 0.89125 0.48500000000000004 0.890625 0.4875 0.8931250000000001
0 0.6091666666666666 0.8387499999999999 0.5991666666666667 0.8418749999999999 0.5958333333333333 0.8456250000000001 0.6024999999999999 0.8462500000000001 0.6091666666666666 0.8425 0.6291666666666667 0.840625 0.6341666666666667 0.835 0.6316666666666666 0.828125 0.6024999999999999 0.8099999999999999 0.5966666666666666 0.8125 0.5958333333333333 0.820625 0.5866666666666667 0.825 0.6041666666666666 0.83125 0.6091666666666666 0.8387499999999999
0 0.7966666666666666 0.709375 0.8041666666666667 0.7125 0.8066666666666666 0.71875 0.8200000000000001 0.714375 0.825 0.7162499999999999 0.8316666666666667 0.71 0.8308333333333333 0.705 0.8391666666666667 0.69875 0.8416666666666667 0.6875 0.8200000000000001 0.6950000000000001 0.8183333333333334 0.701875 0.8133333333333332 0.701875 0.8066666666666666 0.70625 0.7983333333333333 0.70625 0.7883333333333333 0.7025 0.7866666666666667 0.6993750000000001 0.775 0.703125 0.7741666666666667 0.70625 0.7816666666666666 0.714375 0.7866666666666667 0.7150000000000001 0.7966666666666666 0.709375
0 0.47583333333333333 0.500625 0.475 0.505625 0.48083333333333333 0.506875 0.48333333333333334 0.505 0.48083333333333333 0.496875 0.4858333333333333 0.4925 0.4841666666666667 0.48312499999999997 0.4891666666666667 0.476875 0.49416666666666664 0.47562499999999996 0.49583333333333335 0.469375 0.4875 0.464375 0.47250000000000003 0.46624999999999994 0.4666666666666667 0.4575 0.4608333333333333 0.46312499999999995 0.46 0.46687500000000004 0.47 0.478125 0.4666666666666667 0.49124999999999996 0.47583333333333333 0.500625
0 0.1725 0.6375 0.1825 0.635 0.18583333333333335 0.6381249999999999 0.18916666666666665 0.6331249999999999 0.18833333333333335 0.625625 0.19416666666666668 0.6174999999999999 0.2025 0.614375 0.20416666666666666 0.6056250000000001 0.175 0.604375 0.1675 0.6125 0.17083333333333334 0.61625 0.1675 0.63375 0.1725 0.6375
0 0.5741666666666667 0.64125 0.5766666666666667 0.635625 0.5858333333333333 0.6368750000000001 0.5850000000000001 0.631875 0.5816666666666667 0.626875 0.5633333333333332 0.62625 0.5425 0.635 0.5341666666666666 0.6425 0.5358333333333333 0.6481250000000001 0.5433333333333333 0.646875 0.5616666666666668 0.65125 0.5741666666666667 0.64125
0 0.375 0.991875 0.3733333333333333 0.994375 0.3975 0.990625 0.40249999999999997 0.9875 0.3975 0.983125 0.40249999999999997 0.9806250000000001 0.38999999999999996 0.978125 0.375 0.9793749999999999 0.36916666666666664 0.9662499999999999 0.36333333333333334 0.9668749999999999 0.36166666666666664 0.943125 0.35833333333333334 0.9425000000000001 0.35083333333333333 0.95 0.35 0.9568749999999999 0.3575 0.960625 0.3641666666666667 0.9806250000000001 0.375 0.991875
0 0.21666666666666667 0.849375 0.21833333333333332 0.844375 0.21 0.835625 0.20416666666666666 0.8225 0.2025 0.809375 0.20666666666666667 0.7993750000000001 0.2025 0.798125 0.19416666666666668 0.80375 0.18833333333333335 0.803125 0.19666666666666668 0.8462500000000001 0.20416666666666666 0.8456250000000001 0.21083333333333334 0.849375 0.21666666666666667 0.849375
0 0.8933333333333333 0.425625 0.8916666666666667 0.42125 0.8858333333333334 0.418125 0.8841666666666667 0.409375 0.8524999999999999 0.41375 0.855 0.42750000000000005 0.8616666666666667 0.4325 0.8858333333333334 0.43 0.8933333333333333 0.425625
0 0.6891666666666667 0.31 0.69 0.30125 0.6958333333333333 0.299375 0.6983333333333334 0.29375 0.6975 0.28375 0.6958333333333333 0.281875 0.69 0.28375 0.6816666666666666 0.27875 0.6783333333333333 0.2725 0.6825 0.26875 0.6783333333333333 0.265625 0.6775 0.27125 0.6708333333333333 0.275 0.6716666666666666 0.29500000000000004 0.6841666666666666 0.3025 0.6833333333333333 0.306875 0.6891666666666667 0.31
0 0.7716666666666666 0.693125 0.7725000000000001 0.6912499999999999 0.7966666666666666 0.690625 0.8 0.69375 0.8 0.678125 0.7916666666666666 0.6799999999999999 0.7716666666666666 0.6681250000000001 0.7725000000000001 0.6625 0.7691666666666667 0.6643749999999999 0.77 0.67 0.7625 0.68125 0.7641666666666667 0.68875 0.7716666666666666 0.693125
0 0.20666666666666667 0.931875 0.19583333333333333 0.9256249999999999 0.15833333333333333 0.9275 0.15416666666666667 0.9237500000000001 0.1475 0.9268750000000001 0.1475 0.931875 0.15416666666666667 0.9356249999999999 0.17833333333333332 0.940625 0.20666666666666667 0.931875
0 0.5591666666666666 0.6125 0.5641666666666667 0.615 0.565 0.6075 0.5566666666666666 0.60375 0.5416666666666666 0.604375 0.5391666666666667 0.594375 0.5316666666666666 0.595 0.5308333333333334 0.6 0.5316666666666666 0.61875 0.55 0.623125 0.5558333333333334 0.619375 0.5591666666666666 0.6125
0 0.6883333333333332 0.38 0.6958333333333333 0.383125 0.6950000000000001 0.371875 0.7058333333333333 0.368125 0.7133333333333333 0.370625 0.7166666666666667 0.359375 0.7100000000000001 0.35625 0.7041666666666667 0.361875 0.6941666666666666 0.35750000000000004 0.6908333333333334 0.34187500000000004 0.6883333333333332 0.33999999999999997 0.6841666666666666 0.34125 0.6808333333333334 0.3525 0.6841666666666666 0.3625 0.69 0.365 0.6883333333333332 0.38
0 0.735 0.365625 0.7333333333333333 0.369375 0.7408333333333333 0.38375 0.7675 0.395 0.7683333333333333 0.40625 0.7741666666666667 0.40625 0.7766666666666667 0.40875000000000006 0.7833333333333333 0.418125 0.7825000000000001 0.4225 0.8 0.43125 0.8058333333333334 0.42125 0.7816666666666666 0.39437500000000003 0.7841666666666666 0.388125 0.7816666666666666 0.383125 0.7866666666666667 0.375625 0.765 0.37374999999999997 0.7516666666666667 0.36625 0.755 0.3625 0.7375 0.351875 0.7308333333333333 0.343125 0.7274999999999999 0.34187500000000004 0.7258333333333333 0.346875 0.7266666666666667 0.35562499999999997 0.7233333333333333 0.359375 0.7266666666666667 0.36625 0.735 0.365625
0 0.265 0.743125 0.2758333333333333 0.7306250000000001 0.26416666666666666 0.733125 0.24666666666666667 0.72375 0.24833333333333335 0.7162499999999999 0.24250000000000002 0.718125 0.23666666666666666 0.713125 0.23083333333333333 0.723125 0.2375 0.73375 0.25083333333333335 0.7418750000000001 0.265 0.743125
0 0.6608333333333333 0.34875 0.6616666666666667 0.333125 0.6691666666666667 0.325625 0.675 0.32937500000000003 0.6833333333333333 0.325 0.6741666666666667 0.309375 0.675 0.301875 0.6733333333333333 0.305625 0.6675 0.308125 0.6608333333333333 0.30625 0.6541666666666667 0.320625 0.6533333333333334 0.32875 0.6608333333333333 0.33875 0.6575000000000001 0.34500000000000003 0.6608333333333333 0.34875
0 0.3 0.6 0.2966666666666667 0.590625 0.27666666666666667 0.595 0.27166666666666667 0.591875 0.2675 0.595 0.26666666666666666 0.6025 0.27166666666666667 0.6125 0.2966666666666667 0.608125 0.3 0.6
0 0.3 0.680625 0.30583333333333335 0.6756249999999999 0.3175 0.671875 0.3141666666666667 0.6599999999999999 0.31 0.6625 0.2825 0.665 0.28500000000000003 0.6693749999999999 0.2808333333333334 0.6775 0.2825 0.6837500000000001 0.3 0.680625
0 0.5266666666666667 0.7275 0.5266666666666667 0.73125 0.5358333333333333 0.733125 0.55 0.7268749999999999 0.5516666666666666 0.709375 0.545 0.6993750000000001 0.5308333333333334 0.69625 0.5325 0.6925 0.5291666666666667 0.698125 0.53 0.70125 0.5383333333333333 0.704375 0.5416666666666666 0.711875 0.5266666666666667 0.7275
0 0.5158333333333334 0.744375 0.5216666666666667 0.745625 0.5258333333333334 0.74125 0.5216666666666667 0.733125 0.5216666666666667 0.725625 0.5258333333333334 0.724375 0.5241666666666667 0.7056250000000001 0.5175 0.70375 0.5083333333333333 0.69375 0.5091666666666667 0.70375 0.5033333333333333 0.70625 0.5016666666666667 0.724375 0.505 0.7325 0.515 0.7325 0.5158333333333334 0.744375
0 0.5191666666666667 0.57625 0.5241666666666667 0.568125 0.5325 0.568125 0.5283333333333333 0.565625 0.5358333333333333 0.556875 0.5358333333333333 0.551875 0.52 0.559375 0.5033333333333333 0.563125 0.4983333333333333 0.5675 0.5 0.5725 0.5083333333333333 0.576875 0.5191666666666667 0.57625
0 0.815 0.646875 0.8233333333333334 0.6475 0.8350000000000001 0.6537499999999999 0.8283333333333334 0.634375 0.8133333333333332 0.630625 0.8049999999999999 0.635625 0.8049999999999999 0.6443749999999999 0.8141666666666667 0.655625 0.8125 0.650625 0.815 0.646875
0 0.8691666666666666 0.558125 0.8591666666666666 0.5387500000000001 0.8558333333333333 0.536875 0.8541666666666666 0.540625 0.8475 0.5431250000000001 0.8416666666666667 0.53125 0.8375 0.5325 0.8341666666666666 0.5287499999999999 0.8316666666666667 0.54625 0.8408333333333334 0.55 0.8575 0.5506249999999999 0.8691666666666666 0.558125
0 0.5141666666666667 0.40374999999999994 0.5166666666666667 0.41125 0.5291666666666667 0.421875 0.5291666666666667 0.40875000000000006 0.5225000000000001 0.39875 0.5108333333333334 0.39187500000000003 0.51 0.381875 0.5075 0.38125 0.5041666666666667 0.38687499999999997 0.5041666666666667 0.40062499999999995 0.5083333333333333 0.40374999999999994 0.5141666666666667 0.40374999999999994
0 0.7266666666666667 0.51625 0.7316666666666667 0.515625 0.7325 0.5118750000000001 0.7441666666666666 0.51125 0.745 0.495 0.7375 0.49124999999999996 0.7325 0.49437499999999995 0.725 0.510625 0.7158333333333334 0.5118750000000001 0.7233333333333333 0.52125 0.7266666666666667 0.51625
0 0.5808333333333333 0.9475 0.5841666666666666 0.9506249999999999 0.5916666666666667 0.9487500000000001 0.59 0.9418749999999999 0.5816666666666667 0.9349999999999999 0.5725 0.930625 0.5641666666666667 0.93125 0.565 0.9425000000000001 0.5700000000000001 0.946875 0.5766666666666667 0.9493750000000001 0.5808333333333333 0.9475
0 0.63 0.795 0.64 0.788125 0.64 0.7787499999999999 0.6341666666666667 0.7681250000000001 0.6333333333333333 0.75125 0.6266666666666667 0.755 0.625 0.759375 0.6291666666666667 0.7681250000000001 0.6275 0.790625 0.63 0.795
0 0.6683333333333333 0.7975 0.6666666666666666 0.8 0.6758333333333333 0.806875 0.6816666666666666 0.79125 0.6958333333333333 0.783125 0.7066666666666667 0.7837500000000001 0.7100000000000001 0.778125 0.7058333333333333 0.774375 0.7008333333333333 0.774375 0.6958333333333333 0.7631249999999999 0.675 0.75875 0.6716666666666666 0.7625 0.6575000000000001 0.765625 0.6566666666666666 0.771875 0.6525 0.775625 0.6608333333333333 0.7931250000000001 0.6683333333333333 0.7975
0 0.48083333333333333 0.8162499999999999 0.45916666666666667 0.81125 0.445 0.8162499999999999 0.44583333333333336 0.820625 0.45666666666666667 0.825 0.48166666666666663 0.821875 0.48083333333333333 0.8162499999999999
0 0.6925 0.589375 0.7066666666666667 0.588125 0.7166666666666667 0.5900000000000001 0.7183333333333334 0.578125 0.7091666666666666 0.5818749999999999 0.6875 0.579375 0.6799999999999999 0.58125 0.6816666666666666 0.588125 0.6883333333333332 0.59375 0.6925 0.589375
0 0.7283333333333334 0.564375 0.7225 0.5743750000000001 0.7258333333333333 0.5775 0.7316666666666667 0.57625 0.7366666666666667 0.5806250000000001 0.7408333333333333 0.590625 0.7491666666666668 0.588125 0.7566666666666666 0.575 0.7716666666666666 0.583125 0.7841666666666666 0.5756249999999999 0.7866666666666667 0.566875 0.7808333333333334 0.56375 0.7675 0.5625 0.76 0.5493750000000001 0.7516666666666667 0.546875 0.7466666666666666 0.55 0.7174999999999999 0.5237499999999999 0.6983333333333334 0.529375 0.7025 0.5425 0.7108333333333333 0.538125 0.7241666666666667 0.545625 0.7283333333333334 0.564375
0 0.5816666666666667 0.5675 0.5741666666666667 0.5675 0.5641666666666667 0.559375 0.5583333333333333 0.566875 0.5575 0.5775 0.5783333333333334 0.57875 0.5850000000000001 0.5743750000000001 0.5816666666666667 0.5675
0 0.7816666666666666 0.545625 0.7875 0.546875 0.7875 0.5387500000000001 0.7791666666666667 0.534375 0.7658333333333334 0.53625 0.76 0.54 0.7716666666666666 0.555625 0.7758333333333333 0.54875 0.7816666666666666 0.545625
0 0.6991666666666667 0.8387499999999999 0.7041666666666667 0.835625 0.6983333333333334 0.820625 0.705 0.80625 0.7025 0.80375 0.6875 0.8081250000000001 0.685 0.81375 0.6941666666666666 0.818125 0.6925 0.83125 0.6991666666666667 0.8387499999999999
0 0.41833333333333333 0.8556250000000001 0.425 0.8556250000000001 0.4275 0.845 0.41833333333333333 0.843125 0.4033333333333333 0.845 0.4033333333333333 0.8543749999999999 0.41083333333333333 0.8625 0.41833333333333333 0.8556250000000001
0 0.7241666666666667 0.7418750000000001 0.7233333333333333 0.74 0.7108333333333333 0.73875 0.7016666666666667 0.7325 0.6950000000000001 0.760625 0.7025 0.75625 0.7033333333333334 0.751875 0.7241666666666667 0.7418750000000001
0 0.7225 0.76875 0.7258333333333333 0.7787499999999999 0.7258333333333333 0.78625 0.7225 0.7893749999999999 0.7241666666666667 0.7975 0.73 0.8006249999999999 0.7445833333333333 0.7931250000000001 0.7591666666666667 0.795 0.7608333333333334 0.7931250000000001 0.7566666666666666 0.790625 0.7525 0.7787499999999999 0.75 0.783125 0.7391666666666666 0.7893749999999999 0.7308333333333333 0.7822918750000001 0.73 0.7693749999999999 0.7391666666666666 0.7618750000000001 0.7391666666666666 0.756875 0.75 0.755 0.7466666666666666 0.746875 0.7408333333333333 0.7462500000000001 0.7383333333333333 0.750625 0.7166666666666667 0.75125 0.7075 0.7581249999999999 0.7133333333333333 0.76625 0.7183333333333334 0.765625 0.7225 0.76875
0 0.6925 0.8418749999999999 0.6808333333333334 0.8425 0.6716666666666666 0.8456250000000001 0.6883333333333332 0.8643750000000001 0.6950000000000001 0.85375 0.6925 0.8418749999999999
0 0.4275 0.975 0.41833333333333333 0.96 0.4116666666666667 0.96 0.4058333333333334 0.9637499999999999 0.4066666666666666 0.97625 0.415 0.975625 0.425 0.9806250000000001 0.4275 0.975
0 0.3625 0.9275 0.3641666666666667 0.921875 0.35500000000000004 0.913125 0.33999999999999997 0.91375 0.3383333333333333 0.915 0.34750000000000003 0.9256249999999999 0.34750000000000003 0.931875 0.3625 0.9275
0 0.515 0.835 0.5175 0.83125 0.5225000000000001 0.834375 0.5283333333333333 0.8324999999999999 0.5291666666666667 0.8275 0.5216666666666667 0.82125 0.5233333333333333 0.8168749999999999 0.51 0.8162499999999999 0.5066666666666666 0.81375 0.5041666666666667 0.81875 0.5116666666666666 0.8243750000000001 0.5108333333333334 0.83375 0.515 0.835
0 0.23 0.89625 0.23583333333333334 0.8949999999999999 0.24083333333333332 0.9018750000000001 0.23833333333333334 0.8868750000000001 0.23249999999999998 0.88375 0.23333333333333334 0.8800000000000001 0.22333333333333333 0.87625 0.21833333333333332 0.87625 0.2225 0.881875 0.22083333333333333 0.89375 0.23 0.89625
0 0.5850000000000001 0.32999999999999996 0.5791666666666667 0.315625 0.5708333333333333 0.3125 0.5658333333333334 0.31437499999999996 0.5658333333333334 0.320625 0.5775 0.335625 0.5816666666666667 0.336875 0.5850000000000001 0.32999999999999996
0 0.5983333333333333 0.366875 0.6058333333333333 0.37312500000000004 0.62 0.375 0.6216666666666666 0.338125 0.6191666666666666 0.330625 0.6108333333333333 0.34500000000000003 0.6041666666666666 0.34500000000000003 0.5983333333333333 0.33375 0.5908333333333334 0.343125 0.5783333333333334 0.34625 0.5775 0.349375 0.5825 0.35562499999999997 0.5941666666666666 0.35562499999999997 0.5983333333333333 0.366875
0 0.5549999999999999 0.36625 0.56 0.3675 0.565 0.3625 0.5683333333333334 0.33125 0.5583333333333333 0.33125 0.55 0.32 0.5458333333333333 0.32687499999999997 0.5458333333333333 0.33375 0.5566666666666666 0.3375 0.5583333333333333 0.354375 0.5549999999999999 0.36625
0 0.3225 0.7825 0.31 0.78625 0.29750000000000004 0.8025 0.30333333333333334 0.8099999999999999 0.32166666666666666 0.7875 0.3225 0.7825
0 0.32416666666666666 0.81375 0.31666666666666665 0.8175000000000001 0.32 0.820625 0.31666666666666665 0.8275 0.32166666666666666 0.829375 0.32416666666666666 0.83625 0.3425 0.819375 0.3425 0.805625 0.3491666666666667 0.798125 0.34833333333333333 0.7943749999999999 0.345 0.79625 0.3416666666666667 0.7931250000000001 0.3416666666666667 0.788125 0.3375 0.7893749999999999 0.3416666666666667 0.795625 0.33999999999999997 0.8 0.32916666666666666 0.8143750000000001 0.32416666666666666 0.81375
0 0.38416666666666666 0.6637500000000001 0.36916666666666664 0.649375 0.3641666666666667 0.665625 0.35500000000000004 0.66625 0.35583333333333333 0.6693749999999999 0.36916666666666664 0.67 0.3766666666666667 0.66875 0.38416666666666666 0.6637500000000001
0 0.7116666666666667 0.713125 0.6958333333333333 0.70875 0.6941666666666666 0.713125 0.6941666666666666 0.72375 0.7025 0.73 0.7108333333333333 0.720625 0.7116666666666667 0.713125
0 0.6991666666666667 0.676875 0.7116666666666667 0.6900000000000001 0.7125 0.7056250000000001 0.7191666666666666 0.70875 0.7208333333333333 0.716875 0.7308333333333333 0.7262500000000001 0.7341666666666666 0.72375 0.7516666666666667 0.728125 0.7583333333333333 0.71875 0.755 0.71875 0.745 0.708125 0.7325 0.6900000000000001 0.7424999999999999 0.683125 0.7424999999999999 0.678125 0.7375 0.673125 0.7316666666666667 0.671875 0.7325 0.663125 0.7416666666666667 0.6575 0.7366666666666667 0.65625 0.7341666666666666 0.646875 0.725 0.6487499999999999 0.7233333333333333 0.646875 0.7041666666666667 0.654375 0.7025 0.651875 0.6991666666666667 0.6537499999999999 0.6933333333333334 0.6525000000000001 0.6799999999999999 0.65625 0.6816666666666666 0.660625 0.6858333333333333 0.6575 0.6975 0.66125 0.6991666666666667 0.676875
0 0.3416666666666667 0.546875 0.32749999999999996 0.5525 0.32749999999999996 0.5575 0.3416666666666667 0.5700000000000001 0.3466666666666667 0.56375 0.3416666666666667 0.546875
0 0.32916666666666666 0.618125 0.33666666666666667 0.61625 0.335 0.6131249999999999 0.33 0.6131249999999999 0.33416666666666667 0.6018749999999999 0.32916666666666666 0.6018749999999999 0.31916666666666665 0.61 0.3141666666666667 0.60625 0.31 0.608125 0.30833333333333335 0.614375 0.31333333333333335 0.6174999999999999 0.31666666666666665 0.615 0.32916666666666666 0.618125
0 0.6 0.7975 0.6033333333333334 0.7931250000000001 0.5958333333333333 0.79 0.5941666666666666 0.7825 0.5883333333333333 0.783125 0.5841666666666666 0.790625 0.5833333333333334 0.79625 0.5908333333333334 0.803125 0.6033333333333334 0.8 0.6 0.7975
0 0.5725 0.79875 0.5658333333333334 0.786875 0.565 0.77625 0.5625 0.7737499999999999 0.5591666666666666 0.775 0.5575 0.8 0.565 0.8087500000000001 0.5700000000000001 0.806875 0.5725 0.79875
0 0.16166666666666665 0.7618750000000001 0.1525 0.76 0.1475 0.748125 0.14 0.749375 0.13666666666666666 0.755 0.15416666666666667 0.770625 0.15833333333333333 0.770625 0.16166666666666665 0.7618750000000001
0 0.7441666666666666 0.46749999999999997 0.7383333333333333 0.46875 0.7391666666666666 0.489375 0.7516666666666667 0.489375 0.7516666666666667 0.476875 0.7441666666666666 0.46749999999999997
0 0.7116666666666667 0.41937499999999994 0.7216666666666666 0.425 0.7291666666666666 0.45125000000000004 0.7200000000000001 0.45562500000000006 0.715 0.45437500000000003 0.7141666666666667 0.45875000000000005 0.7291666666666666 0.47437500000000005 0.7625 0.478125 0.7616666666666667 0.495 0.7666666666666667 0.49625 0.7675 0.515625 0.7825000000000001 0.5287499999999999 0.7941666666666667 0.51875 0.7791666666666667 0.505 0.7816666666666666 0.490625 0.7741666666666667 0.4875 0.7791666666666667 0.476875 0.7733333333333333 0.464166875 0.7733333333333333 0.45625 0.76 0.43875000000000003 0.7591666666666667 0.428125 0.7516666666666667 0.425625 0.7516666666666667 0.40437500000000004 0.7483333333333333 0.40499999999999997 0.7391666666666666 0.39875 0.7333333333333333 0.385625 0.7233333333333333 0.38125 0.7174999999999999 0.38625 0.7208333333333333 0.38937499999999997 0.7208333333333333 0.395625 0.7116666666666667 0.3975 0.7116666666666667 0.41937499999999994
0 0.45 0.614375 0.44583333333333336 0.61 0.4341666666666667 0.60875 0.4358333333333333 0.615 0.4325 0.62625 0.43833333333333335 0.6331249999999999 0.45 0.614375
0 0.7799999999999999 0.748125 0.7791666666666667 0.7375 0.7733333333333333 0.7275 0.7683333333333333 0.729375 0.7658333333333334 0.7418750000000001 0.7675 0.74875 0.7725000000000001 0.750625 0.7799999999999999 0.748125
0 0.28833333333333333 0.76875 0.28583333333333333 0.760625 0.2758333333333333 0.76 0.2725 0.756875 0.26666666666666666 0.760625 0.26333333333333336 0.765625 0.2658333333333333 0.7693749999999999 0.28 0.77125 0.28833333333333333 0.76875
0 0.385 0.70625 0.38333333333333336 0.686875 0.3766666666666667 0.690625 0.36833333333333335 0.70625 0.3766666666666667 0.708125 0.38083333333333336 0.711875 0.385 0.70625
0 0.6166666666666667 0.559375 0.62 0.5575 0.6216666666666666 0.534375 0.6191666666666666 0.5287499999999999 0.6125 0.531875 0.6125 0.5393749999999999 0.6075 0.546875 0.6133333333333333 0.548125 0.6166666666666667 0.559375
0 0.63 0.43062500000000004 0.6333333333333333 0.43 0.635 0.41312499999999996 0.6333333333333333 0.410625 0.6241666666666668 0.410625 0.6191666666666666 0.414375 0.62 0.418125 0.6233333333333333 0.425 0.63 0.43062500000000004
0 0.6533333333333334 0.41375 0.6616666666666667 0.41187500000000005 0.6641666666666667 0.406875 0.6583333333333333 0.40499999999999997 0.6508333333333333 0.40625 0.6441666666666667 0.40125 0.6425 0.3975 0.65 0.390625 0.6483333333333333 0.3875 0.64 0.381875 0.6291666666666667 0.385625 0.6275 0.38687499999999997 0.635 0.3875 0.64 0.40750000000000003 0.6533333333333334 0.41375
0 0.6666666666666666 0.6075 0.6583333333333333 0.6056250000000001 0.6533333333333334 0.6075 0.6566666666666666 0.62625 0.6608333333333333 0.626875 0.6675 0.62 0.6666666666666666 0.6075
0 0.6808333333333334 0.6443749999999999 0.6775 0.639375 0.6833333333333333 0.63625 0.6841666666666666 0.63 0.6791666666666667 0.6212500000000001 0.6691666666666667 0.628125 0.6716666666666666 0.6575 0.6766666666666666 0.654375 0.6758333333333333 0.6475 0.6808333333333334 0.6443749999999999
0 0.33416666666666667 0.5349999999999999 0.27666666666666667 0.571875 0.23 0.588125 0.16083333333333333 0.6 0.1408333333333333 0.5974999999999999 0.11666666666666667 0.59875 0.12166666666666666 0.608125 0.14583333333333334 0.626875 0.1716666666666667 0.64125 0.2125 0.6525000000000001 0.25416666666666665 0.655625 0.2791666666666667 0.654375 0.29250000000000004 0.65 0.32583333333333336 0.645625 0.34833333333333333 0.63875 0.38999999999999996 0.618125 0.42250000000000004 0.591875 0.44416666666666665 0.56125 0.45416666666666666 0.534375 0.4633333333333333 0.520625 0.4666666666666667 0.506875 0.4658333333333333 0.488125 0.455 0.46875 0.44416666666666665 0.456875 0.38999999999999996 0.41937499999999994 0.38333333333333336 0.418125 0.38333333333333336 0.44625000000000004 0.3725 0.48687500000000006 0.35666666666666663 0.510625 0.33416666666666667 0.5349999999999999
0 0.475 0.5478125 0.95 0.9043749999999999
4 0.20666666666666667 0.4340625 0.41333333333333333 0.32312500000000005
2 0.42916666666666664 0.73645625 0.075 0.06041875000000001