3 0.11036706349206349 0.582010582010582 0.09176587301587302 0.4166666666666667
3 0.3447420634920635 0.7043650793650793 0.367063492063492 0.3174603174603175
3 0.5059523809523809 0.9596560846560845 0.044642857142857116 0.08068783068783057
3 0.597718253968254 0.5241402116402116 0.12400793650793655 0.32738095238095233
3 0.445188492063492 0.4282407407407407 0.09176587301587298 0.10251322751322753
3 0.6088789682539681 0.22156084656084654 0.12648809523809526 0.23148148148148148
3 0.4575892857142857 0.23148148148148145 0.18105158730158735 0.16534391534391535
3 0.7676091269841269 0.21329365079365079 0.1512896825396825 0.281084656084656
4 0.7886904761904763 0.8951719576719576 0.28769841269841273 0.2096560846560846
1 0.4352678571428571 0.9447751322751323 0.06696428571428577 0.11044973544973544
1 0.5815972222222222 0.9563492063492063 0.10168650793650791 0.08730158730158735