3 0.7316468253968255 0.4629629629629629 0.23313492063492064 0.42989417989417983
3 0.6026785714285714 0.42328042328042326 0.19345238095238101 0.1653439153439153
3 0.4637896825396825 0.36044973544973546 0.1537698412698413 0.13227513227513227
3 0.376984126984127 0.5472883597883598 0.14880952380952378 0.18187830687830692
3 0.4439484126984127 0.7539682539682538 0.1587301587301587 0.21825396825396812
3 0.6187996031746031 0.8531746031746031 0.15625 0.2116402116402116
3 0.601438492063492 0.6663359788359788 0.15625 0.15542328042328038
3 0.4340277777777778 0.19345238095238093 0.16865079365079366 0.15542328042328044
3 0.5357142857142857 0.248015873015873 0.1537698412698413 0.13888888888888884
3 0.3236607142857143 0.2876984126984127 0.08680555555555554 0.1058201058201058
3 0.3013392857142857 0.443121693121693 0.15625 0.22486772486772483
3 0.27405753968253965 0.7192460317460317 0.11160714285714288 0.21494708994708986
3 0.34846230158730157 0.7787698412698413 0.11656746031746028 0.19510582010582003