3 0.205026455026455 0.4377480158730158 0.12566137566137564 0.23065476190476186
3 0.5257936507936508 0.536954365079365 0.4034391534391535 0.10664682539682531
3 0.5919312169312169 0.41542658730158727 0.29100529100529093 0.15625
3 0.45965608465608465 0.8742559523809523 0.2711640211640212 0.10168650793650791
3 0.47949735449735453 0.09672619047619047 0.171957671957672 0.08928571428571427
3 0.3538359788359788 0.2368551587301587 0.1388888888888888 0.14632936507936506
3 0.5357142857142857 0.2554563492063492 0.20502645502645506 0.09920634920634921
3 0.5423280423280423 0.376984126984127 0.03306878306878307 0.08432539682539683
3 0.10912698412698413 0.6274801587301587 0.05952380952380951 0.14880952380952372
3 0.2612433862433862 0.7775297619047619 0.3505291005291005 0.07688492063492056
3 0.45634920634920634 0.6944444444444444 0.46957671957671965 0.11904761904761899