3 0.6605851063829787 0.3935396518375242 0.12664893617021278 0.3652417794970987
3 0.8606382978723405 0.4352030947775628 0.2787234042553191 0.4294003868471954
3 0.5663617021276596 0.7620696324951645 0.11448936170212765 0.17384912959381046
3 0.8138297872340425 0.8062862669245647 0.11397872340425544 0.17386847195357838
3 0.9262872340425533 0.7224371373307544 0.0896702127659573 0.1277562862669245
3 0.7540531914893617 0.6141779497098645 0.08561702127659583 0.11570599613152814
3 0.7061808510638297 0.7491489361702128 0.12056382978723405 0.14802707930367506
3 0.5534468085106383 0.5658027079303675 0.07345744680851052 0.10185686653771758
3 0.5012659574468085 0.3465183752417795 0.1393085106382978 0.138568665377176
3 0.5440744680851064 0.41700193423597676 0.05167021276595758 0.09715667311411993
3 0.6210744680851062 0.6026499032882011 0.04761702127659575 0.1313539651837523
3 0.42984042553191487 0.5432495164410058 0.1423510638297873 0.2612379110251451
3 0.33282978723404255 0.7436363636363637 0.1641382978723404 0.24754352030947782
3 0.2816595744680851 0.33365570599613154 0.20770212765957446 0.3670599613152804