3 0.5562288828337875 0.7494460088195335 0.23325885558583098 0.28450813264214114
3 0.7660980926430517 0.5667623507624114 0.24428337874659417 0.23973101181756765
3 0.5993079019073569 0.5834044006588085 0.13413079019073582 0.1823436278490812
3 0.8031989100817437 0.7587822668174538 0.20213623978201634 0.22281693775473788
3 0.6141362397820164 0.17148209148937785 0.11110626702997273 0.181041797909725
3 0.2590463215258856 0.5460107929231213 0.07409809264305176 0.10941200579872937
3 0.19207629427792913 0.4515406859805848 0.05720435967302455 0.15400453879608056
3 0.2838692098092643 0.40820140717858416 0.05290463215258852 0.09054518682686541
3 0.21188555858310626 0.3434888010140187 0.13169482288828335 0.07168808300380251
3 0.07220708446866485 0.48295947720355514 0.1444141689373297 0.40068188200648186
3 0.8829754768392369 0.40383930536686075 0.06942779291553122 0.13513771982421657
3 0.8031716621253405 0.19293314004235196 0.0703705722070846 0.19099011028211876