3 0.09873958333333335 0.4790277777777777 0.14800520833333333 0.387074074074074
3 0.23003645833333333 0.3381111111111111 0.1215260416666667 0.06357407407407405
3 0.26410416666666664 0.5372592592592592 0.06727604166666667 0.11927777777777777
3 0.20442708333333331 0.4419444444444444 0.0390625 0.13696296296296298
3 0.294703125 0.40256481481481476 0.052953125000000066 0.07674074074074073
3 0.2764739583333333 0.49597222222222215 0.10503645833333337 0.1339166666666666
3 0.5455729166666666 0.73025 0.2109375 0.2922870370370371
3 0.5885416666666666 0.592462962962963 0.1354166666666666 0.19726851851851848
3 0.745875 0.6098148148148148 0.10373437499999998 0.12550000000000003
3 0.80859375 0.570462962962963 0.1067708333333333 0.17641666666666664
3 0.7118072916666667 0.5094722222222222 0.10069270833333324 0.11925925925925927
3 0.666015625 0.5812685185185185 0.0638020833333334 0.20729629629629628
3 0.786890625 0.7518518518518518 0.193578125 0.20586111111111108
3 0.6128489583333334 0.18569444444444444 0.09548437500000002 0.1800277777777778
3 0.5336354166666666 0.21695370370370368 0.049046874999999976 0.21014814814814817
3 0.35026041666666663 0.2003611111111111 0.028645833333333304 0.19084259259259256
3 0.63259375 0.3763333333333333 0.08029687499999998 0.1168611111111111
3 0.6825104166666667 0.2933611111111111 0.07074479166666663 0.13147222222222218
3 0.7469635416666667 0.3940740740740741 0.06683854166666663 0.087537037037037
3 0.8177083333333333 0.39947222222222223 0.046875 0.052037037037037076
3 0.8700104166666666 0.41685185185185186 0.06553645833333341 0.10067592592592595
3 0.7957916666666667 0.23123148148148145 0.06814062500000002 0.1785092592592593
3 0.71875 0.1930092592592592 0.0729166666666666 0.0881851851851852
3 0.9151458333333332 0.24667592592592594 0.15581770833333336 0.20939814814814814
3 0.9270833333333333 0.39099074074074075 0.04166666666666678 0.08136111111111113
3 0.9765625 0.38365740740740745 0.046875 0.0991111111111111